11,100
25.112968,121.52421,2
24.371439,121.156884,2
threat_start
24.880612,121.583283,4,30000,3000
24.7882,121.150062,2,60000,1000
24.762573,121.376704,3,20000,5000
24.605523,121.224868,5,15000,3000
24.821791,121.145601,1,50000,1000
25.037493,121.767562,3,70000,2000
24.349762,120.832072,2,25000,2000
24.619885,121.734028,5,10000,3000
24.359579,121.773639,4,80000,1000
24.219944,121.454291,1,40000,2000
24.981621,121.019016,1,100000,1000
threat_end
feasible_start
24.354666,121.89699
24.88017,121.467946
24.744824,121.846036
25.199712,121.508286
25.183127,121.34341
24.401656,120.626674
24.147764,121.175296
24.002148,121.201018
24.093363,121.57603
24.365705,121.896238
24.837327,120.628587
24.58387,120.835621
24.521959,121.61012
24.754463,120.707102
25.115563,121.600365
25.216283,120.857071
24.105654,121.878645
24.586769,120.564574
24.859715,120.90019
24.417657,120.987913
24.829095,120.744353
24.581289,121.301645
24.383807,121.353554
24.262163,121.826192
24.457139,121.210004
25.221146,121.242359
24.239984,121.400319
24.961283,121.289208
24.180529,121.06134
24.495071,121.409472
24.387443,121.62608
24.784478,120.789765
24.554083,121.152075
24.870314,120.807491
24.247567,120.993712
24.253628,121.519761
24.248551,121.027004
25.195358,120.669991
24.645672,120.836606
24.750353,120.819822
24.197684,121.783925
24.329622,121.723958
25.024129,121.643495
25.254753,120.749161
24.923555,121.067455
24.013151,120.680189
25.108749,121.223317
25.135699,121.901701
24.921823,121.341931
25.238388,121.2922
24.629587,120.882282
24.563576,121.603825
25.126356,121.655263
24.596725,121.476507
24.21751,121.270849
24.478112,121.125034
24.903553,121.6104
24.456033,121.544195
25.176954,120.810919
24.257349,121.535356
24.25103,121.462072
24.3619,121.460782
25.033313,120.92573
24.490869,121.091781
24.09263,121.617991
24.53966,121.820249
25.255168,120.576213
25.258327,121.817968
25.147852,121.530469
24.84225,120.654052
24.557489,121.167452
24.433349,121.8255
24.275807,121.133044
25.144536,120.920235
24.074821,121.707726
24.593884,121.18201
25.134827,121.616217
24.462357,121.890948
24.534537,121.360374
24.284736,120.58001
24.504581,120.917648
25.237862,121.172031
25.167326,121.587707
24.69887,121.288646
25.11224,120.865745
25.212468,121.268751
24.772535,120.920587
24.422025,120.756389
24.484164,121.850078
25.111557,121.518602
25.238545,120.630138
24.336976,121.410998
24.913595,121.570285
24.927005,121.308639
24.596063,121.286925
24.027839,120.932671
24.354992,121.086939
24.530909,121.49013
24.852405,120.67652
24.595176,121.005873
feasible_end